━━━━━━━━━━━━━━━━━━━━━━━━━━━━━━━━━━━━━━━━━━━━━━━━━━━━━━━━━━━━━━━━━━━━━━━━━━━━━━━━━
 Language              Files        Lines         Code     Comments       Blanks
━━━━━━━━━━━━━━━━━━━━━━━━━━━━━━━━━━━━━━━━━━━━━━━━━━━━━━━━━━━━━━━━━━━━━━━━━━━━━━━━━
 Autoconf                  7          132           50           66           16
 BASH                      1          105           86            6           13
 Batch                     5           12           11            0            1
 C                       218       351195       269989        49567        31639
 C Header                289        22373        16193         3288         2892
 CMake                    43         3187         2430          289          468
 Forge Config              1         3771          884         2015          872
 JSON                      2           79           79            0            0
 Lua                     832       421381       330601        59208        31572
 Makefile                  4          380          278           37           65
 PO File                   1         7901         3146         2969         1786
 Python                    9          859          756           26           77
 Ruby                      1            6            6            0            0
 Scheme                   18         1638         1222          122          294
 Shell                    11         1495         1121          161          213
 SVG                       1          147          147            0            0
 Plain Text              168       169853            0       142991        26862
 TOML                      1           76           55           19            2
 Vim Script             1257       346198       315182        15703        15313
 XML                       2          103           90            8            5
 Zig                       9         1649         1404           48          197
 Zsh                       1           36           30            3            3
─────────────────────────────────────────────────────────────────────────────────
 HTML                      1           16           13            0            3
 |- JavaScript             1           52           40            0           12
 (Total)                               68           53            0           15
─────────────────────────────────────────────────────────────────────────────────
 Markdown                 10         1902            0         1530          372
 |- BASH                   4          133          131            1            1
 (Total)                             2035          131         1531          373
━━━━━━━━━━━━━━━━━━━━━━━━━━━━━━━━━━━━━━━━━━━━━━━━━━━━━━━━━━━━━━━━━━━━━━━━━━━━━━━━━
 Total                  2892      1334679       943944       278057       112678
━━━━━━━━━━━━━━━━━━━━━━━━━━━━━━━━━━━━━━━━━━━━━━━━━━━━━━━━━━━━━━━━━━━━━━━━━━━━━━━━━
